n=4;
Min=1;
Max=3;
D=[|  0, 745, 665, 929 |
    745,   0,  80, 337 |
    665,  80,   0, 380 |
    929, 337, 380,   0 |];

n=4;
Min=1;
Max=3;
D=[|  0, 103, 546, 369 |
    103,   0, 100, 337 |
    546, 100,   0, 749 |
    369, 337, 749,   0 |];

n=4;
Min=1;
Max=3;
D=[|  0, 550, 210, 264 |
    550,   0,  80, 590 |
    210,  80,   0, 710 |
    264, 590, 710,   0 |];

n=4;
Min=1;
Max=3;
D=[|  0, 319, 589, 100 | 
    319,   0, 110, 337 |
    589, 110,   0, 547 |
    100, 337, 547,   0 |];

n=4;
Min=1;
Max=3;
D=[|  0, 998, 120, 478 | 
    998,   0,  50, 238 |
    120,  50,   0, 698 |
    478, 238, 698,   0 |];