/** Todas las salidas de calendarios al ejecutar el archivo CalDep.mzn con Gecode*/

s = 
[|  2, -1,  4, -3
 | -3, -4,  1,  2
 | -4, -3,  2,  1
 | -2,  1, -4,  3
 |  3,  4, -1, -2
 |  4,  3, -2, -1
 |];
pn = 
[| 0, 1, 0, 1
 | 1, 1, 0, 0
 | 1, 1, 0, 0
 | 1, 0, 1, 0
 | 0, 0, 1, 1
 | 0, 0, 1, 1
 |];
utilidad = 9166;
----------
s = 
[|  2, -1,  4, -3
 | -3, -4,  1,  2
 | -4, -3,  2,  1
 | -2,  1, -4,  3
 |  4,  3, -2, -1
 |  3,  4, -1, -2
 |];
pn = 
[| 0, 1, 0, 1
 | 1, 1, 0, 0
 | 1, 1, 0, 0
 | 1, 0, 1, 0
 | 0, 0, 1, 1
 | 0, 0, 1, 1
 |];
utilidad = 9159;
----------
s = 
[|  2, -1, -4,  3
 | -3, -4,  1,  2
 | -4, -3,  2,  1
 | -2,  1,  4, -3
 |  4,  3, -2, -1
 |  3,  4, -1, -2
 |];
pn = 
[| 0, 1, 1, 0
 | 1, 1, 0, 0
 | 1, 1, 0, 0
 | 1, 0, 0, 1
 | 0, 0, 1, 1
 | 0, 0, 1, 1
 |];
utilidad = 8638;
----------
s = 
[| -3, -4,  1,  2
 | -2,  1, -4,  3
 | -4, -3,  2,  1
 |  2, -1,  4, -3
 |  3,  4, -1, -2
 |  4,  3, -2, -1
 |];
pn = 
[| 1, 1, 0, 0
 | 1, 0, 1, 0
 | 1, 1, 0, 0
 | 0, 1, 0, 1
 | 0, 0, 1, 1
 | 0, 0, 1, 1
 |];
utilidad = 8559;
----------
s = 
[| -3, -4,  1,  2
 | -2,  1, -4,  3
 | -4, -3,  2,  1
 |  2, -1,  4, -3
 |  4,  3, -2, -1
 |  3,  4, -1, -2
 |];
pn = 
[| 1, 1, 0, 0
 | 1, 0, 1, 0
 | 1, 1, 0, 0
 | 0, 1, 0, 1
 | 0, 0, 1, 1
 | 0, 0, 1, 1
 |];
utilidad = 8552;
----------
s = 
[| -2,  1, -4,  3
 | -4,  3, -2,  1
 | -3, -4,  1,  2
 |  4, -3,  2, -1
 |  2, -1,  4, -3
 |  3,  4, -1, -2
 |];
pn = 
[| 1, 0, 1, 0
 | 1, 0, 1, 0
 | 1, 1, 0, 0
 | 0, 1, 0, 1
 | 0, 1, 0, 1
 | 0, 0, 1, 1
 |];
utilidad = 8392;
----------
s = 
[| -4,  3, -2,  1
 | -2,  1, -4,  3
 | -3, -4,  1,  2
 |  2, -1,  4, -3
 |  4, -3,  2, -1
 |  3,  4, -1, -2
 |];
pn = 
[| 1, 0, 1, 0
 | 1, 0, 1, 0
 | 1, 1, 0, 0
 | 0, 1, 0, 1
 | 0, 1, 0, 1
 | 0, 0, 1, 1
 |];
utilidad = 8276;